def solution(n, left, right):
    answer = []
    
    for i in range(left, right + 1):
        a = i // n 
        b = i % n
        if a < b:
            a, b = b, a  
        answer.append(a + 1)
            
    return answer


# 입출력 예시 2

"""
 
(0,0) (0,1) (0,2) (0,3)
(1,0) (1,1) (1,2) (1,3)
(2,0) (2,1) (2,2) (2,3)
(3,0) (3,1) (3,2) (3,3)


  0     1     2     3     4     5     6     7     8     9    10   11    12   13    14   15
(0,0) (0,1) (0,2) (0,3) (1,0) (1,1) (1,2) (1,3) (2,0) (2,1) (2,2) (2,3) (3,0) (3,1) (3,2) (3,3)
  0     1     2     3     1     1     2     3     2     2     2     3     3     3     3     3
  1     2     3     4     2     2     3     4     3     3     3     4     4     4     4     4 

"""